+------------+------------------------------------------------------------------+----------------------+
|   Original |                                                              Bin |   Decimal Aproximado |
+============+==================================================================+======================+
|    1       | 0011111111110000000000000000000000000000000000000000000000000000 |              1       |
+------------+------------------------------------------------------------------+----------------------+
|    1.03526 | 0011111111110000100100000111000111110011111010011000001110101101 |              1.03526 |
+------------+------------------------------------------------------------------+----------------------+
|    1.07177 | 0011111111110001001001011111101111101110001001010000011001100100 |              1.07177 |
+------------+------------------------------------------------------------------+----------------------+
|    1.10957 | 0011111111110001110000001100101111101011001100101011110111111001 |              1.10957 |
+------------+------------------------------------------------------------------+----------------------+
|    1.1487  | 0011111111110010011000010001000110000110101110101110011001110101 |              1.1487  |
+------------+------------------------------------------------------------------+----------------------+
|    1.18921 | 0011111111110011000001101111111000001010001100011011011100010101 |              1.18921 |
+------------+------------------------------------------------------------------+----------------------+
|    1.23114 | 0011111111110011101100101100010001111011111111111000001100101001 |              1.23114 |
+------------+------------------------------------------------------------------+----------------------+
|    1.27456 | 0011111111110100011001001001100110101111001100011011000000000111 |              1.27456 |
+------------+------------------------------------------------------------------+----------------------+
|    1.31951 | 0011111111110101000111001011010001010011101110010101001101101100 |              1.31951 |
+------------+------------------------------------------------------------------+----------------------+
|    1.36604 | 0011111111110101110110110100110100000111001111000111100100100000 |              1.36604 |
+------------+------------------------------------------------------------------+----------------------+
|    1.41421 | 0011111111110110101000001001111001100110011111110011101111001100 |              1.41421 |
+------------+------------------------------------------------------------------+----------------------+
|    1.46409 | 0011111111110111011011001110010100011111011010100000101110111000 |              1.46409 |
+------------+------------------------------------------------------------------+----------------------+
|    1.51572 | 0011111111111000010000000110000000000011101100101010111001011100 |              1.51572 |
+------------+------------------------------------------------------------------+----------------------+
|    1.56917 | 0011111111111001000110110101000000011100001011011011001111011111 |              1.56917 |
+------------+------------------------------------------------------------------+----------------------+
|    1.6245  | 0011111111111001111111011111100010111100110011100101001100111110 |              1.6245  |
+------------+------------------------------------------------------------------+----------------------+
|    1.68179 | 0011111111111010111010001001111110011001010110101101001110101110 |              1.68179 |
+------------+------------------------------------------------------------------+----------------------+
|    1.7411  | 0011111111111011110110111000110011011010110110111110000100100001 |              1.7411  |
+------------+------------------------------------------------------------------+----------------------+
|    1.8025  | 0011111111111100110101110000101100110101110011010110001101101110 |              1.8025  |
+------------+------------------------------------------------------------------+----------------------+
|    1.86607 | 0011111111111101110110110110100000000001000101111010101100010011 |              1.86607 |
+------------+------------------------------------------------------------------+----------------------+
|    1.93187 | 0011111111111110111010001111001101001101110110000000010000110000 |              1.93187 |
+------------+------------------------------------------------------------------+----------------------+
|    2       | 0100000000000000000000000000000000000000000000000000000000000001 |              2       |
+------------+------------------------------------------------------------------+----------------------+
|    2.07053 | 0100000000000000100100000111000111110011111010011000001110101110 |              2.07053 |
+------------+------------------------------------------------------------------+----------------------+
|    2.14355 | 0100000000000001001001011111101111101110001001010000011001100101 |              2.14355 |
+------------+------------------------------------------------------------------+----------------------+
|    2.21914 | 0100000000000001110000001100101111101011001100101011110111111010 |              2.21914 |
+------------+------------------------------------------------------------------+----------------------+
|    2.2974  | 0100000000000010011000010001000110000110101110101110011001110110 |              2.2974  |
+------------+------------------------------------------------------------------+----------------------+
|    2.37841 | 0100000000000011000001101111111000001010001100011011011100010111 |              2.37841 |
+------------+------------------------------------------------------------------+----------------------+
|    2.46229 | 0100000000000011101100101100010001111011111111111000001100101011 |              2.46229 |
+------------+------------------------------------------------------------------+----------------------+
|    2.54912 | 0100000000000100011001001001100110101111001100011011000000001001 |              2.54912 |
+------------+------------------------------------------------------------------+----------------------+
|    2.63902 | 0100000000000101000111001011010001010011101110010101001101101111 |              2.63902 |
+------------+------------------------------------------------------------------+----------------------+
|    2.73208 | 0100000000000101110110110100110100000111001111000111100100100011 |              2.73208 |
+------------+------------------------------------------------------------------+----------------------+
|    2.82843 | 0100000000000110101000001001111001100110011111110011101111010000 |              2.82843 |
+------------+------------------------------------------------------------------+----------------------+
|    2.92817 | 0100000000000111011011001110010100011111011010100000101110111011 |              2.92817 |
+------------+------------------------------------------------------------------+----------------------+
|    3.03143 | 0100000000001000010000000110000000000011101100101010111001100000 |              3.03143 |
+------------+------------------------------------------------------------------+----------------------+
|    3.13834 | 0100000000001001000110110101000000011100001011011011001111100011 |              3.13834 |
+------------+------------------------------------------------------------------+----------------------+
|    3.24901 | 0100000000001001111111011111100010111100110011100101001101000010 |              3.24901 |
+------------+------------------------------------------------------------------+----------------------+
|    3.36359 | 0100000000001010111010001001111110011001010110101101001110110010 |              3.36359 |
+------------+------------------------------------------------------------------+----------------------+
|    3.4822  | 0100000000001011110110111000110011011010110110111110000100100101 |              3.4822  |
+------------+------------------------------------------------------------------+----------------------+
|    3.605   | 0100000000001100110101110000101100110101110011010110001101110010 |              3.605   |
+------------+------------------------------------------------------------------+----------------------+
|    3.73213 | 0100000000001101110110110110100000000001000101111010101100011000 |              3.73213 |
+------------+------------------------------------------------------------------+----------------------+
|    3.86375 | 0100000000001110111010001111001101001101110110000000010000110101 |              3.86375 |
+------------+------------------------------------------------------------------+----------------------+
|    4       | 0100000000010000000000000000000000000000000000000000000000000011 |              4       |
+------------+------------------------------------------------------------------+----------------------+
|    4.14106 | 0100000000010000100100000111000111110011111010011000001110101111 |              4.14106 |
+------------+------------------------------------------------------------------+----------------------+
|    4.28709 | 0100000000010001001001011111101111101110001001010000011001100110 |              4.28709 |
+------------+------------------------------------------------------------------+----------------------+
|    4.43828 | 0100000000010001110000001100101111101011001100101011110111111010 |              4.43828 |
+------------+------------------------------------------------------------------+----------------------+
|    4.59479 | 0100000000010010011000010001000110000110101110101110011001110101 |              4.59479 |
+------------+------------------------------------------------------------------+----------------------+
|    4.75683 | 0100000000010011000001101111111000001010001100011011011100010101 |              4.75683 |
+------------+------------------------------------------------------------------+----------------------+
|    4.92458 | 0100000000010011101100101100010001111011111111111000001100101000 |              4.92458 |
+------------+------------------------------------------------------------------+----------------------+
|    5.09824 | 0100000000010100011001001001100110101111001100011011000000000101 |              5.09824 |
+------------+------------------------------------------------------------------+----------------------+
|    5.27803 | 0100000000010101000111001011010001010011101110010101001101101010 |              5.27803 |
+------------+------------------------------------------------------------------+----------------------+
|    5.46416 | 0100000000010101110110110100110100000111001111000111100100011101 |              5.46416 |
+------------+------------------------------------------------------------------+----------------------+
|    5.65685 | 0100000000010110101000001001111001100110011111110011101111001001 |              5.65685 |
+------------+------------------------------------------------------------------+----------------------+
|    5.85634 | 0100000000010111011011001110010100011111011010100000101110110011 |              5.85634 |
+------------+------------------------------------------------------------------+----------------------+
|    6.06287 | 0100000000011000010000000110000000000011101100101010111001010111 |              6.06287 |
+------------+------------------------------------------------------------------+----------------------+
|    6.27667 | 0100000000011001000110110101000000011100001011011011001111011000 |              6.27667 |
+------------+------------------------------------------------------------------+----------------------+
|    6.49802 | 0100000000011001111111011111100010111100110011100101001100110101 |              6.49802 |
+------------+------------------------------------------------------------------+----------------------+
|    6.72717 | 0100000000011010111010001001111110011001010110101101001110100100 |              6.72717 |
+------------+------------------------------------------------------------------+----------------------+
|    6.9644  | 0100000000011011110110111000110011011010110110111110000100010110 |              6.9644  |
+------------+------------------------------------------------------------------+----------------------+
|    7.21    | 0100000000011100110101110000101100110101110011010110001101100000 |              7.21    |
+------------+------------------------------------------------------------------+----------------------+
|    7.46426 | 0100000000011101110110110110100000000001000101111010101100000101 |              7.46426 |
+------------+------------------------------------------------------------------+----------------------+
|    7.72749 | 0100000000011110111010001111001101001101110110000000010000100000 |              7.72749 |
+------------+------------------------------------------------------------------+----------------------+
|    8       | 0100000000011111111111111111111111111111111111111111111111101111 |              8       |
+------------+------------------------------------------------------------------+----------------------+
|    8.28212 | 0100000000100000100100000111000111110011111010011000001110100011 |              8.28212 |
+------------+------------------------------------------------------------------+----------------------+
|    8.57419 | 0100000000100001001001011111101111101110001001010000011001011010 |              8.57419 |
+------------+------------------------------------------------------------------+----------------------+
|    8.87656 | 0100000000100001110000001100101111101011001100101011110111101110 |              8.87656 |
+------------+------------------------------------------------------------------+----------------------+
|    9.18959 | 0100000000100010011000010001000110000110101110101110011001101000 |              9.18959 |
+------------+------------------------------------------------------------------+----------------------+
|    9.51366 | 0100000000100011000001101111111000001010001100011011011100001000 |              9.51366 |
+------------+------------------------------------------------------------------+----------------------+
|    9.84916 | 0100000000100011101100101100010001111011111111111000001100011011 |              9.84916 |
+------------+------------------------------------------------------------------+----------------------+
|   10.1965  | 0100000000100100011001001001100110101111001100011010111111110111 |             10.1965  |
+------------+------------------------------------------------------------------+----------------------+
|   10.5561  | 0100000000100101000111001011010001010011101110010101001101011011 |             10.5561  |
+------------+------------------------------------------------------------------+----------------------+
|   10.9283  | 0100000000100101110110110100110100000111001111000111100100001110 |             10.9283  |
+------------+------------------------------------------------------------------+----------------------+
|   11.3137  | 0100000000100110101000001001111001100110011111110011101110111001 |             11.3137  |
+------------+------------------------------------------------------------------+----------------------+
|   11.7127  | 0100000000100111011011001110010100011111011010100000101110100011 |             11.7127  |
+------------+------------------------------------------------------------------+----------------------+
|   12.1257  | 0100000000101000010000000110000000000011101100101010111001000110 |             12.1257  |
+------------+------------------------------------------------------------------+----------------------+
|   12.5533  | 0100000000101001000110110101000000011100001011011011001111000110 |             12.5533  |
+------------+------------------------------------------------------------------+----------------------+
|   12.996   | 0100000000101001111111011111100010111100110011100101001100100011 |             12.996   |
+------------+------------------------------------------------------------------+----------------------+
|   13.4543  | 0100000000101010111010001001111110011001010110101101001110010001 |             13.4543  |
+------------+------------------------------------------------------------------+----------------------+
|   13.9288  | 0100000000101011110110111000110011011010110110111110000100000010 |             13.9288  |
+------------+------------------------------------------------------------------+----------------------+
|   14.42    | 0100000000101100110101110000101100110101110011010110001101001100 |             14.42    |
+------------+------------------------------------------------------------------+----------------------+
|   14.9285  | 0100000000101101110110110110100000000001000101111010101011110000 |             14.9285  |
+------------+------------------------------------------------------------------+----------------------+
|   15.455   | 0100000000101110111010001111001101001101110110000000010000001010 |             15.455   |
+------------+------------------------------------------------------------------+----------------------+
|   16       | 0100000000101111111111111111111111111111111111111111111111011001 |             16       |
+------------+------------------------------------------------------------------+----------------------+
|   16.5642  | 0100000000110000100100000111000111110011111010011000001110011000 |             16.5642  |
+------------+------------------------------------------------------------------+----------------------+
|   17.1484  | 0100000000110001001001011111101111101110001001010000011001001110 |             17.1484  |
+------------+------------------------------------------------------------------+----------------------+
|   17.7531  | 0100000000110001110000001100101111101011001100101011110111100001 |             17.7531  |
+------------+------------------------------------------------------------------+----------------------+
|   18.3792  | 0100000000110010011000010001000110000110101110101110011001011100 |             18.3792  |
+------------+------------------------------------------------------------------+----------------------+
|   19.0273  | 0100000000110011000001101111111000001010001100011011011011111011 |             19.0273  |
+------------+------------------------------------------------------------------+----------------------+
|   19.6983  | 0100000000110011101100101100010001111011111111111000001100001101 |             19.6983  |
+------------+------------------------------------------------------------------+----------------------+
|   20.393   | 0100000000110100011001001001100110101111001100011010111111101001 |             20.393   |
+------------+------------------------------------------------------------------+----------------------+
|   21.1121  | 0100000000110101000111001011010001010011101110010101001101001101 |             21.1121  |
+------------+------------------------------------------------------------------+----------------------+
|   21.8566  | 0100000000110101110110110100110100000111001111000111100011111111 |             21.8566  |
+------------+------------------------------------------------------------------+----------------------+
|   22.6274  | 0100000000110110101000001001111001100110011111110011101110101001 |             22.6274  |
+------------+------------------------------------------------------------------+----------------------+
|   23.4254  | 0100000000110111011011001110010100011111011010100000101110010011 |             23.4254  |
+------------+------------------------------------------------------------------+----------------------+
|   24.2515  | 0100000000111000010000000110000000000011101100101010111000110101 |             24.2515  |
+------------+------------------------------------------------------------------+----------------------+
|   25.1067  | 0100000000111001000110110101000000011100001011011011001110110101 |             25.1067  |
+------------+------------------------------------------------------------------+----------------------+
|   25.9921  | 0100000000111001111111011111100010111100110011100101001100010001 |             25.9921  |
+------------+------------------------------------------------------------------+----------------------+
|   26.9087  | 0100000000111010111010001001111110011001010110101101001101111111 |             26.9087  |
+------------+------------------------------------------------------------------+----------------------+
|   27.8576  | 0100000000111011110110111000110011011010110110111110000011101111 |             27.8576  |
+------------+------------------------------------------------------------------+----------------------+
|   28.84    | 0100000000111100110101110000101100110101110011010110001100111000 |             28.84    |
+------------+------------------------------------------------------------------+----------------------+
|   29.8571  | 0100000000111101110110110110100000000001000101111010101011011011 |             29.8571  |
+------------+------------------------------------------------------------------+----------------------+
|   30.91    | 0100000000111110111010001111001101001101110110000000001111110101 |             30.91    |
+------------+------------------------------------------------------------------+----------------------+